organizationName=MASH+HOLDINGS+LIMITED
earlyActionMetric
start,value
2010-04-01T00:00:00+00:00 (GMT),93.5
